time,dt,l2_err
0,0,0
1,1,0.72178601862972
1.751492394411,0.75149239441105,3.4686937064476
2.3678671433543,0.61637474894327,8.401975554604
3.3678671433543,1,24.56692935043
4.03429051263,0.6664233692757,41.943835262316
4.8929899588161,0.85869944618607,75.317943723475
5.8929899588161,1,132.28671397951
6.6456701373895,0.75268017857342,189.68294536434
7.6456701373895,1,290.13165635464
8.6456701373895,1,420.45897019323
9.6456701373895,1,584.94707049033
10,0.35432986261049,650.65959426048

