time,dt,l2_err
0,0,0
1,1,0.72178601862972
1.8366942383416,0.83669423834158,4.0208798062617
2.8366942383416,1,14.719887333778
3.8366942383416,1,36.358004880512
4.8366942383416,1,72.965567567851
5.8366942383416,1,128.54586560505
5.8665620391233,0.02986780078172,130.24637350528
6.8665620391233,1,209.79804330989
7.8078123094123,0.94125027028898,309.02545112806
8.8078123094123,1,444.68902792774
9.8078123094123,1,615.10934001309
10,0.19218769058772,650.67271043321

